1779471990134 0.09582441300153732 0
1779471990141 0.26552462577819824 1
1779471990144 0.3816916346549988 2
1779471990146 0.43576017022132874 3
1779471990149 0.4737687408924103 4
1779471990151 0.5198072791099548 5
1779471990153 0.5578158497810364 6
1779471990156 0.5920770764350891 7
1779471990158 0.6011777520179749 8
1779471990160 0.6167023777961731 9
1779471990163 0.6664882302284241 10
1779471990165 0.6729121804237366 11
1779471990167 0.6953961253166199 12
1779471990170 0.6889721751213074 13
1779471990172 0.7226980924606323 14
1779471990174 0.7328693866729736 15
1779471990176 0.7483940124511719 16
1779471990178 0.7644539475440979 17
1779471990180 0.7628479599952698 18
1779471990182 0.7890792489051819 19
1779471990184 0.7928265333175659 20
1779471990186 0.8019272089004517 21
1779471990188 0.8115631937980652 22
1779471990190 0.8142397999763489 23
1779471990192 0.83137047290802 24
