1779471990140 3.2199952602386475 0
1779471990142 2.7668282985687256 1
1779471990145 2.4033915996551514 2
1779471990148 2.1152005195617676 3
1779471990150 1.9113517999649048 4
1779471990152 1.7410738468170166 5
1779471990155 1.6078094244003296 6
1779471990157 1.4872486591339111 7
1779471990159 1.3752113580703735 8
1779471990161 1.2964015007019043 9
1779471990164 1.2029428482055664 10
1779471990166 1.130641222000122 11
1779471990169 1.057450294494629 12
1779471990171 1.0324649810791016 13
1779471990173 0.9753581285476685 14
1779471990175 0.9192293286323547 15
1779471990177 0.8703345060348511 16
1779471990179 0.8250330686569214 17
1779471990181 0.7931051850318909 18
1779471990183 0.7565286755561829 19
1779471990185 0.7409889698028564 20
1779471990187 0.7081365585327148 21
1779471990189 0.6602009534835815 22
1779471990191 0.6546938419342041 23
1779471990193 0.6210989952087402 24
